Target requested:(23,11)
Target sum:(23,11) number of unique gprimes:23
Sufficient to contine.
Nodelist size:1296
Target:(23,11)	Hash:2815020696
(2,1)	(6,1)	(7,2)	(8,7)	
(6,1)	(6,5)	(3,2)	(8,3)	
(6,5)	(9,4)	(5,2)	(3,0)	
(9,4)	(2,1)	(8,5)	(4,1)	

Target:(23,11)	Hash:3901645850
(2,1)	(6,1)	(7,2)	(8,7)	
(6,1)	(9,4)	(3,2)	(5,4)	
(9,4)	(6,5)	(5,2)	(3,0)	
(6,5)	(2,1)	(8,5)	(7,0)	

Target:(23,11)	Hash:3901645850
(2,1)	(6,1)	(7,2)	(8,7)	
(6,1)	(9,4)	(5,4)	(3,2)	
(9,4)	(6,5)	(3,0)	(5,2)	
(6,5)	(2,1)	(8,5)	(7,0)	

Target:(23,11)	Hash:2815020696
(2,1)	(6,1)	(8,7)	(7,2)	
(6,1)	(6,5)	(8,3)	(3,2)	
(6,5)	(9,4)	(3,0)	(5,2)	
(9,4)	(2,1)	(4,1)	(8,5)	

Target:(23,11)	Hash:3901645850
(2,1)	(6,1)	(8,7)	(7,2)	
(6,1)	(9,4)	(3,2)	(5,4)	
(9,4)	(6,5)	(5,2)	(3,0)	
(6,5)	(2,1)	(7,0)	(8,5)	

Target:(23,11)	Hash:3901645850
(2,1)	(6,1)	(8,7)	(7,2)	
(6,1)	(9,4)	(5,4)	(3,2)	
(9,4)	(6,5)	(3,0)	(5,2)	
(6,5)	(2,1)	(7,0)	(8,5)	

Target:(23,11)	Hash:3365275731
(2,1)	(6,5)	(7,0)	(8,5)	
(6,5)	(8,3)	(5,2)	(4,1)	
(8,3)	(7,2)	(3,2)	(5,4)	
(7,2)	(2,1)	(8,7)	(6,1)	

Target:(23,11)	Hash:3901645850
(2,1)	(6,5)	(7,0)	(8,5)	
(6,5)	(9,4)	(3,0)	(5,2)	
(9,4)	(6,1)	(5,4)	(3,2)	
(6,1)	(2,1)	(8,7)	(7,2)	

Target:(23,11)	Hash:3901645850
(2,1)	(6,5)	(7,0)	(8,5)	
(6,5)	(9,4)	(5,2)	(3,0)	
(9,4)	(6,1)	(3,2)	(5,4)	
(6,1)	(2,1)	(8,7)	(7,2)	

Target:(23,11)	Hash:3365275731
(2,1)	(6,5)	(8,5)	(7,0)	
(6,5)	(8,3)	(4,1)	(5,2)	
(8,3)	(7,2)	(5,4)	(3,2)	
(7,2)	(2,1)	(6,1)	(8,7)	

Target:(23,11)	Hash:3901645850
(2,1)	(6,5)	(8,5)	(7,0)	
(6,5)	(9,4)	(3,0)	(5,2)	
(9,4)	(6,1)	(5,4)	(3,2)	
(6,1)	(2,1)	(7,2)	(8,7)	

Target:(23,11)	Hash:3901645850
(2,1)	(6,5)	(8,5)	(7,0)	
(6,5)	(9,4)	(5,2)	(3,0)	
(9,4)	(6,1)	(3,2)	(5,4)	
(6,1)	(2,1)	(7,2)	(8,7)	

Target:(23,11)	Hash:3365275731
(2,1)	(7,2)	(6,1)	(8,7)	
(7,2)	(8,3)	(5,4)	(3,2)	
(8,3)	(6,5)	(4,1)	(5,2)	
(6,5)	(2,1)	(8,5)	(7,0)	

Target:(23,11)	Hash:3365275731
(2,1)	(7,2)	(8,7)	(6,1)	
(7,2)	(8,3)	(3,2)	(5,4)	
(8,3)	(6,5)	(5,2)	(4,1)	
(6,5)	(2,1)	(7,0)	(8,5)	

Target:(23,11)	Hash:2815020696
(2,1)	(9,4)	(4,1)	(8,5)	
(9,4)	(6,5)	(3,0)	(5,2)	
(6,5)	(6,1)	(8,3)	(3,2)	
(6,1)	(2,1)	(8,7)	(7,2)	

Target:(23,11)	Hash:2815020696
(2,1)	(9,4)	(8,5)	(4,1)	
(9,4)	(6,5)	(5,2)	(3,0)	
(6,5)	(6,1)	(3,2)	(8,3)	
(6,1)	(2,1)	(7,2)	(8,7)	

Target:(23,11)	Hash:2815020696
(3,0)	(5,2)	(6,5)	(9,4)	
(5,2)	(7,2)	(3,2)	(8,5)	
(7,2)	(8,7)	(6,1)	(2,1)	
(8,7)	(3,0)	(8,3)	(4,1)	

Target:(23,11)	Hash:3901645850
(3,0)	(5,2)	(6,5)	(9,4)	
(5,2)	(7,2)	(8,5)	(3,2)	
(7,2)	(8,7)	(2,1)	(6,1)	
(8,7)	(3,0)	(7,0)	(5,4)	

Target:(23,11)	Hash:3901645850
(3,0)	(5,2)	(6,5)	(9,4)	
(5,2)	(8,7)	(7,0)	(3,2)	
(8,7)	(7,2)	(2,1)	(6,1)	
(7,2)	(3,0)	(8,5)	(5,4)	

Target:(23,11)	Hash:3901645850
(3,0)	(5,2)	(9,4)	(6,5)	
(5,2)	(7,2)	(3,2)	(8,5)	
(7,2)	(8,7)	(6,1)	(2,1)	
(8,7)	(3,0)	(5,4)	(7,0)	

Target:(23,11)	Hash:2815020696
(3,0)	(5,2)	(9,4)	(6,5)	
(5,2)	(7,2)	(8,5)	(3,2)	
(7,2)	(8,7)	(2,1)	(6,1)	
(8,7)	(3,0)	(4,1)	(8,3)	

Target:(23,11)	Hash:3901645850
(3,0)	(5,2)	(9,4)	(6,5)	
(5,2)	(8,7)	(3,2)	(7,0)	
(8,7)	(7,2)	(6,1)	(2,1)	
(7,2)	(3,0)	(5,4)	(8,5)	

Target:(23,11)	Hash:3901645850
(3,0)	(7,2)	(5,4)	(8,5)	
(7,2)	(8,7)	(6,1)	(2,1)	
(8,7)	(5,2)	(3,2)	(7,0)	
(5,2)	(3,0)	(9,4)	(6,5)	

Target:(23,11)	Hash:3901645850
(3,0)	(7,2)	(8,5)	(5,4)	
(7,2)	(8,7)	(2,1)	(6,1)	
(8,7)	(5,2)	(7,0)	(3,2)	
(5,2)	(3,0)	(6,5)	(9,4)	

Target:(23,11)	Hash:2815020696
(3,0)	(8,7)	(4,1)	(8,3)	
(8,7)	(7,2)	(2,1)	(6,1)	
(7,2)	(5,2)	(8,5)	(3,2)	
(5,2)	(3,0)	(9,4)	(6,5)	

Target:(23,11)	Hash:3901645850
(3,0)	(8,7)	(5,4)	(7,0)	
(8,7)	(7,2)	(6,1)	(2,1)	
(7,2)	(5,2)	(3,2)	(8,5)	
(5,2)	(3,0)	(9,4)	(6,5)	

Target:(23,11)	Hash:3901645850
(3,0)	(8,7)	(7,0)	(5,4)	
(8,7)	(7,2)	(2,1)	(6,1)	
(7,2)	(5,2)	(8,5)	(3,2)	
(5,2)	(3,0)	(6,5)	(9,4)	

Target:(23,11)	Hash:2815020696
(3,0)	(8,7)	(8,3)	(4,1)	
(8,7)	(7,2)	(6,1)	(2,1)	
(7,2)	(5,2)	(3,2)	(8,5)	
(5,2)	(3,0)	(6,5)	(9,4)	

Target:(23,11)	Hash:3901645850
(3,2)	(5,4)	(6,1)	(9,4)	
(5,4)	(7,0)	(8,7)	(3,0)	
(7,0)	(8,5)	(2,1)	(6,5)	
(8,5)	(3,2)	(7,2)	(5,2)	

Target:(23,11)	Hash:3901645850
(3,2)	(5,4)	(6,1)	(9,4)	
(5,4)	(8,5)	(7,2)	(3,0)	
(8,5)	(7,0)	(2,1)	(6,5)	
(7,0)	(3,2)	(8,7)	(5,2)	

Target:(23,11)	Hash:3365275731
(3,2)	(5,4)	(7,2)	(8,3)	
(5,4)	(8,5)	(6,1)	(4,1)	
(8,5)	(7,0)	(2,1)	(6,5)	
(7,0)	(3,2)	(8,7)	(5,2)	

Target:(23,11)	Hash:3365275731
(3,2)	(5,4)	(8,3)	(7,2)	
(5,4)	(8,5)	(4,1)	(6,1)	
(8,5)	(7,0)	(6,5)	(2,1)	
(7,0)	(3,2)	(5,2)	(8,7)	

Target:(23,11)	Hash:3901645850
(3,2)	(5,4)	(9,4)	(6,1)	
(5,4)	(7,0)	(3,0)	(8,7)	
(7,0)	(8,5)	(6,5)	(2,1)	
(8,5)	(3,2)	(5,2)	(7,2)	

Target:(23,11)	Hash:3901645850
(3,2)	(5,4)	(9,4)	(6,1)	
(5,4)	(8,5)	(3,0)	(7,2)	
(8,5)	(7,0)	(6,5)	(2,1)	
(7,0)	(3,2)	(5,2)	(8,7)	

Target:(23,11)	Hash:3901645850
(3,2)	(7,0)	(5,2)	(8,7)	
(7,0)	(8,5)	(6,5)	(2,1)	
(8,5)	(5,4)	(3,0)	(7,2)	
(5,4)	(3,2)	(9,4)	(6,1)	

Target:(23,11)	Hash:3365275731
(3,2)	(7,0)	(5,2)	(8,7)	
(7,0)	(8,5)	(6,5)	(2,1)	
(8,5)	(5,4)	(4,1)	(6,1)	
(5,4)	(3,2)	(8,3)	(7,2)	

Target:(23,11)	Hash:3365275731
(3,2)	(7,0)	(8,7)	(5,2)	
(7,0)	(8,5)	(2,1)	(6,5)	
(8,5)	(5,4)	(6,1)	(4,1)	
(5,4)	(3,2)	(7,2)	(8,3)	

Target:(23,11)	Hash:3901645850
(3,2)	(7,0)	(8,7)	(5,2)	
(7,0)	(8,5)	(2,1)	(6,5)	
(8,5)	(5,4)	(7,2)	(3,0)	
(5,4)	(3,2)	(6,1)	(9,4)	

Target:(23,11)	Hash:2815020696
(3,2)	(8,3)	(6,1)	(6,5)	
(8,3)	(4,1)	(8,7)	(3,0)	
(4,1)	(8,5)	(2,1)	(9,4)	
(8,5)	(3,2)	(7,2)	(5,2)	

Target:(23,11)	Hash:2815020696
(3,2)	(8,3)	(6,5)	(6,1)	
(8,3)	(4,1)	(3,0)	(8,7)	
(4,1)	(8,5)	(9,4)	(2,1)	
(8,5)	(3,2)	(5,2)	(7,2)	

Target:(23,11)	Hash:2815020696
(3,2)	(8,5)	(5,2)	(7,2)	
(8,5)	(4,1)	(9,4)	(2,1)	
(4,1)	(8,3)	(3,0)	(8,7)	
(8,3)	(3,2)	(6,5)	(6,1)	

Target:(23,11)	Hash:3901645850
(3,2)	(8,5)	(5,2)	(7,2)	
(8,5)	(7,0)	(6,5)	(2,1)	
(7,0)	(5,4)	(3,0)	(8,7)	
(5,4)	(3,2)	(9,4)	(6,1)	

Target:(23,11)	Hash:2815020696
(3,2)	(8,5)	(7,2)	(5,2)	
(8,5)	(4,1)	(2,1)	(9,4)	
(4,1)	(8,3)	(8,7)	(3,0)	
(8,3)	(3,2)	(6,1)	(6,5)	

Target:(23,11)	Hash:3901645850
(3,2)	(8,5)	(7,2)	(5,2)	
(8,5)	(7,0)	(2,1)	(6,5)	
(7,0)	(5,4)	(8,7)	(3,0)	
(5,4)	(3,2)	(6,1)	(9,4)	

Target:(23,11)	Hash:3365275731
(4,1)	(5,2)	(6,5)	(8,3)	
(5,2)	(8,7)	(7,0)	(3,2)	
(8,7)	(6,1)	(2,1)	(7,2)	
(6,1)	(4,1)	(8,5)	(5,4)	

Target:(23,11)	Hash:3365275731
(4,1)	(5,2)	(8,3)	(6,5)	
(5,2)	(8,7)	(3,2)	(7,0)	
(8,7)	(6,1)	(7,2)	(2,1)	
(6,1)	(4,1)	(5,4)	(8,5)	

Target:(23,11)	Hash:3365275731
(4,1)	(6,1)	(5,4)	(8,5)	
(6,1)	(8,7)	(7,2)	(2,1)	
(8,7)	(5,2)	(3,2)	(7,0)	
(5,2)	(4,1)	(8,3)	(6,5)	

Target:(23,11)	Hash:3365275731
(4,1)	(6,1)	(8,5)	(5,4)	
(6,1)	(8,7)	(2,1)	(7,2)	
(8,7)	(5,2)	(7,0)	(3,2)	
(5,2)	(4,1)	(6,5)	(8,3)	

Target:(23,11)	Hash:2815020696
(4,1)	(8,3)	(3,0)	(8,7)	
(8,3)	(3,2)	(6,5)	(6,1)	
(3,2)	(8,5)	(5,2)	(7,2)	
(8,5)	(4,1)	(9,4)	(2,1)	

Target:(23,11)	Hash:2815020696
(4,1)	(8,3)	(8,7)	(3,0)	
(8,3)	(3,2)	(6,1)	(6,5)	
(3,2)	(8,5)	(7,2)	(5,2)	
(8,5)	(4,1)	(2,1)	(9,4)	

Target:(23,11)	Hash:2815020696
(4,1)	(8,5)	(2,1)	(9,4)	
(8,5)	(3,2)	(7,2)	(5,2)	
(3,2)	(8,3)	(6,1)	(6,5)	
(8,3)	(4,1)	(8,7)	(3,0)	

Target:(23,11)	Hash:2815020696
(4,1)	(8,5)	(9,4)	(2,1)	
(8,5)	(3,2)	(5,2)	(7,2)	
(3,2)	(8,3)	(6,5)	(6,1)	
(8,3)	(4,1)	(3,0)	(8,7)	

Target:(23,11)	Hash:3901645850
(5,2)	(3,0)	(6,5)	(9,4)	
(3,0)	(7,2)	(8,5)	(5,4)	
(7,2)	(8,7)	(2,1)	(6,1)	
(8,7)	(5,2)	(7,0)	(3,2)	

Target:(23,11)	Hash:3901645850
(5,2)	(3,0)	(6,5)	(9,4)	
(3,0)	(8,7)	(7,0)	(5,4)	
(8,7)	(7,2)	(2,1)	(6,1)	
(7,2)	(5,2)	(8,5)	(3,2)	

Target:(23,11)	Hash:2815020696
(5,2)	(3,0)	(6,5)	(9,4)	
(3,0)	(8,7)	(8,3)	(4,1)	
(8,7)	(7,2)	(6,1)	(2,1)	
(7,2)	(5,2)	(3,2)	(8,5)	

Target:(23,11)	Hash:3901645850
(5,2)	(3,0)	(9,4)	(6,5)	
(3,0)	(7,2)	(5,4)	(8,5)	
(7,2)	(8,7)	(6,1)	(2,1)	
(8,7)	(5,2)	(3,2)	(7,0)	

Target:(23,11)	Hash:2815020696
(5,2)	(3,0)	(9,4)	(6,5)	
(3,0)	(8,7)	(4,1)	(8,3)	
(8,7)	(7,2)	(2,1)	(6,1)	
(7,2)	(5,2)	(8,5)	(3,2)	

Target:(23,11)	Hash:3901645850
(5,2)	(3,0)	(9,4)	(6,5)	
(3,0)	(8,7)	(5,4)	(7,0)	
(8,7)	(7,2)	(6,1)	(2,1)	
(7,2)	(5,2)	(3,2)	(8,5)	

Target:(23,11)	Hash:3365275731
(5,2)	(4,1)	(6,5)	(8,3)	
(4,1)	(6,1)	(8,5)	(5,4)	
(6,1)	(8,7)	(2,1)	(7,2)	
(8,7)	(5,2)	(7,0)	(3,2)	

Target:(23,11)	Hash:3365275731
(5,2)	(4,1)	(8,3)	(6,5)	
(4,1)	(6,1)	(5,4)	(8,5)	
(6,1)	(8,7)	(7,2)	(2,1)	
(8,7)	(5,2)	(3,2)	(7,0)	

Target:(23,11)	Hash:3901645850
(5,2)	(7,2)	(3,2)	(8,5)	
(7,2)	(8,7)	(6,1)	(2,1)	
(8,7)	(3,0)	(5,4)	(7,0)	
(3,0)	(5,2)	(9,4)	(6,5)	

Target:(23,11)	Hash:2815020696
(5,2)	(7,2)	(3,2)	(8,5)	
(7,2)	(8,7)	(6,1)	(2,1)	
(8,7)	(3,0)	(8,3)	(4,1)	
(3,0)	(5,2)	(6,5)	(9,4)	

Target:(23,11)	Hash:2815020696
(5,2)	(7,2)	(8,5)	(3,2)	
(7,2)	(8,7)	(2,1)	(6,1)	
(8,7)	(3,0)	(4,1)	(8,3)	
(3,0)	(5,2)	(9,4)	(6,5)	

Target:(23,11)	Hash:3901645850
(5,2)	(7,2)	(8,5)	(3,2)	
(7,2)	(8,7)	(2,1)	(6,1)	
(8,7)	(3,0)	(7,0)	(5,4)	
(3,0)	(5,2)	(6,5)	(9,4)	

Target:(23,11)	Hash:3365275731
(5,2)	(8,7)	(3,2)	(7,0)	
(8,7)	(6,1)	(7,2)	(2,1)	
(6,1)	(4,1)	(5,4)	(8,5)	
(4,1)	(5,2)	(8,3)	(6,5)	

Target:(23,11)	Hash:3901645850
(5,2)	(8,7)	(3,2)	(7,0)	
(8,7)	(7,2)	(6,1)	(2,1)	
(7,2)	(3,0)	(5,4)	(8,5)	
(3,0)	(5,2)	(9,4)	(6,5)	

Target:(23,11)	Hash:3365275731
(5,2)	(8,7)	(7,0)	(3,2)	
(8,7)	(6,1)	(2,1)	(7,2)	
(6,1)	(4,1)	(8,5)	(5,4)	
(4,1)	(5,2)	(6,5)	(8,3)	

Target:(23,11)	Hash:3901645850
(5,2)	(8,7)	(7,0)	(3,2)	
(8,7)	(7,2)	(2,1)	(6,1)	
(7,2)	(3,0)	(8,5)	(5,4)	
(3,0)	(5,2)	(6,5)	(9,4)	

Target:(23,11)	Hash:3901645850
(5,4)	(3,2)	(6,1)	(9,4)	
(3,2)	(7,0)	(8,7)	(5,2)	
(7,0)	(8,5)	(2,1)	(6,5)	
(8,5)	(5,4)	(7,2)	(3,0)	

Target:(23,11)	Hash:3901645850
(5,4)	(3,2)	(6,1)	(9,4)	
(3,2)	(8,5)	(7,2)	(5,2)	
(8,5)	(7,0)	(2,1)	(6,5)	
(7,0)	(5,4)	(8,7)	(3,0)	

Target:(23,11)	Hash:3365275731
(5,4)	(3,2)	(7,2)	(8,3)	
(3,2)	(7,0)	(8,7)	(5,2)	
(7,0)	(8,5)	(2,1)	(6,5)	
(8,5)	(5,4)	(6,1)	(4,1)	

Target:(23,11)	Hash:3365275731
(5,4)	(3,2)	(8,3)	(7,2)	
(3,2)	(7,0)	(5,2)	(8,7)	
(7,0)	(8,5)	(6,5)	(2,1)	
(8,5)	(5,4)	(4,1)	(6,1)	

Target:(23,11)	Hash:3901645850
(5,4)	(3,2)	(9,4)	(6,1)	
(3,2)	(7,0)	(5,2)	(8,7)	
(7,0)	(8,5)	(6,5)	(2,1)	
(8,5)	(5,4)	(3,0)	(7,2)	

Target:(23,11)	Hash:3901645850
(5,4)	(3,2)	(9,4)	(6,1)	
(3,2)	(8,5)	(5,2)	(7,2)	
(8,5)	(7,0)	(6,5)	(2,1)	
(7,0)	(5,4)	(3,0)	(8,7)	

Target:(23,11)	Hash:3901645850
(5,4)	(7,0)	(3,0)	(8,7)	
(7,0)	(8,5)	(6,5)	(2,1)	
(8,5)	(3,2)	(5,2)	(7,2)	
(3,2)	(5,4)	(9,4)	(6,1)	

Target:(23,11)	Hash:3901645850
(5,4)	(7,0)	(8,7)	(3,0)	
(7,0)	(8,5)	(2,1)	(6,5)	
(8,5)	(3,2)	(7,2)	(5,2)	
(3,2)	(5,4)	(6,1)	(9,4)	

Target:(23,11)	Hash:3901645850
(5,4)	(8,5)	(3,0)	(7,2)	
(8,5)	(7,0)	(6,5)	(2,1)	
(7,0)	(3,2)	(5,2)	(8,7)	
(3,2)	(5,4)	(9,4)	(6,1)	

Target:(23,11)	Hash:3365275731
(5,4)	(8,5)	(4,1)	(6,1)	
(8,5)	(7,0)	(6,5)	(2,1)	
(7,0)	(3,2)	(5,2)	(8,7)	
(3,2)	(5,4)	(8,3)	(7,2)	

Target:(23,11)	Hash:3365275731
(5,4)	(8,5)	(6,1)	(4,1)	
(8,5)	(7,0)	(2,1)	(6,5)	
(7,0)	(3,2)	(8,7)	(5,2)	
(3,2)	(5,4)	(7,2)	(8,3)	

Target:(23,11)	Hash:3901645850
(5,4)	(8,5)	(7,2)	(3,0)	
(8,5)	(7,0)	(2,1)	(6,5)	
(7,0)	(3,2)	(8,7)	(5,2)	
(3,2)	(5,4)	(6,1)	(9,4)	

Target:(23,11)	Hash:3901645850
(6,1)	(2,1)	(7,2)	(8,7)	
(2,1)	(6,5)	(8,5)	(7,0)	
(6,5)	(9,4)	(3,0)	(5,2)	
(9,4)	(6,1)	(5,4)	(3,2)	

Target:(23,11)	Hash:3901645850
(6,1)	(2,1)	(7,2)	(8,7)	
(2,1)	(6,5)	(8,5)	(7,0)	
(6,5)	(9,4)	(5,2)	(3,0)	
(9,4)	(6,1)	(3,2)	(5,4)	

Target:(23,11)	Hash:2815020696
(6,1)	(2,1)	(7,2)	(8,7)	
(2,1)	(9,4)	(8,5)	(4,1)	
(9,4)	(6,5)	(5,2)	(3,0)	
(6,5)	(6,1)	(3,2)	(8,3)	

Target:(23,11)	Hash:3901645850
(6,1)	(2,1)	(8,7)	(7,2)	
(2,1)	(6,5)	(7,0)	(8,5)	
(6,5)	(9,4)	(3,0)	(5,2)	
(9,4)	(6,1)	(5,4)	(3,2)	

Target:(23,11)	Hash:3901645850
(6,1)	(2,1)	(8,7)	(7,2)	
(2,1)	(6,5)	(7,0)	(8,5)	
(6,5)	(9,4)	(5,2)	(3,0)	
(9,4)	(6,1)	(3,2)	(5,4)	

Target:(23,11)	Hash:2815020696
(6,1)	(2,1)	(8,7)	(7,2)	
(2,1)	(9,4)	(4,1)	(8,5)	
(9,4)	(6,5)	(3,0)	(5,2)	
(6,5)	(6,1)	(8,3)	(3,2)	

Target:(23,11)	Hash:3365275731
(6,1)	(4,1)	(5,4)	(8,5)	
(4,1)	(5,2)	(8,3)	(6,5)	
(5,2)	(8,7)	(3,2)	(7,0)	
(8,7)	(6,1)	(7,2)	(2,1)	

Target:(23,11)	Hash:3365275731
(6,1)	(4,1)	(8,5)	(5,4)	
(4,1)	(5,2)	(6,5)	(8,3)	
(5,2)	(8,7)	(7,0)	(3,2)	
(8,7)	(6,1)	(2,1)	(7,2)	

Target:(23,11)	Hash:2815020696
(6,1)	(6,5)	(3,2)	(8,3)	
(6,5)	(9,4)	(5,2)	(3,0)	
(9,4)	(2,1)	(8,5)	(4,1)	
(2,1)	(6,1)	(7,2)	(8,7)	

Target:(23,11)	Hash:2815020696
(6,1)	(6,5)	(8,3)	(3,2)	
(6,5)	(9,4)	(3,0)	(5,2)	
(9,4)	(2,1)	(4,1)	(8,5)	
(2,1)	(6,1)	(8,7)	(7,2)	

Target:(23,11)	Hash:3365275731
(6,1)	(8,7)	(2,1)	(7,2)	
(8,7)	(5,2)	(7,0)	(3,2)	
(5,2)	(4,1)	(6,5)	(8,3)	
(4,1)	(6,1)	(8,5)	(5,4)	

Target:(23,11)	Hash:3365275731
(6,1)	(8,7)	(7,2)	(2,1)	
(8,7)	(5,2)	(3,2)	(7,0)	
(5,2)	(4,1)	(8,3)	(6,5)	
(4,1)	(6,1)	(5,4)	(8,5)	

Target:(23,11)	Hash:3901645850
(6,1)	(9,4)	(3,2)	(5,4)	
(9,4)	(6,5)	(5,2)	(3,0)	
(6,5)	(2,1)	(7,0)	(8,5)	
(2,1)	(6,1)	(8,7)	(7,2)	

Target:(23,11)	Hash:3901645850
(6,1)	(9,4)	(3,2)	(5,4)	
(9,4)	(6,5)	(5,2)	(3,0)	
(6,5)	(2,1)	(8,5)	(7,0)	
(2,1)	(6,1)	(7,2)	(8,7)	

Target:(23,11)	Hash:3901645850
(6,1)	(9,4)	(5,4)	(3,2)	
(9,4)	(6,5)	(3,0)	(5,2)	
(6,5)	(2,1)	(7,0)	(8,5)	
(2,1)	(6,1)	(8,7)	(7,2)	

Target:(23,11)	Hash:3901645850
(6,1)	(9,4)	(5,4)	(3,2)	
(9,4)	(6,5)	(3,0)	(5,2)	
(6,5)	(2,1)	(8,5)	(7,0)	
(2,1)	(6,1)	(7,2)	(8,7)	

Target:(23,11)	Hash:3901645850
(6,5)	(2,1)	(7,0)	(8,5)	
(2,1)	(6,1)	(8,7)	(7,2)	
(6,1)	(9,4)	(3,2)	(5,4)	
(9,4)	(6,5)	(5,2)	(3,0)	

Target:(23,11)	Hash:3901645850
(6,5)	(2,1)	(7,0)	(8,5)	
(2,1)	(6,1)	(8,7)	(7,2)	
(6,1)	(9,4)	(5,4)	(3,2)	
(9,4)	(6,5)	(3,0)	(5,2)	

Target:(23,11)	Hash:3365275731
(6,5)	(2,1)	(7,0)	(8,5)	
(2,1)	(7,2)	(8,7)	(6,1)	
(7,2)	(8,3)	(3,2)	(5,4)	
(8,3)	(6,5)	(5,2)	(4,1)	

Target:(23,11)	Hash:3901645850
(6,5)	(2,1)	(8,5)	(7,0)	
(2,1)	(6,1)	(7,2)	(8,7)	
(6,1)	(9,4)	(3,2)	(5,4)	
(9,4)	(6,5)	(5,2)	(3,0)	

Target:(23,11)	Hash:3901645850
(6,5)	(2,1)	(8,5)	(7,0)	
(2,1)	(6,1)	(7,2)	(8,7)	
(6,1)	(9,4)	(5,4)	(3,2)	
(9,4)	(6,5)	(3,0)	(5,2)	

Target:(23,11)	Hash:3365275731
(6,5)	(2,1)	(8,5)	(7,0)	
(2,1)	(7,2)	(6,1)	(8,7)	
(7,2)	(8,3)	(5,4)	(3,2)	
(8,3)	(6,5)	(4,1)	(5,2)	

Target:(23,11)	Hash:2815020696
(6,5)	(6,1)	(3,2)	(8,3)	
(6,1)	(2,1)	(7,2)	(8,7)	
(2,1)	(9,4)	(8,5)	(4,1)	
(9,4)	(6,5)	(5,2)	(3,0)	

Target:(23,11)	Hash:2815020696
(6,5)	(6,1)	(8,3)	(3,2)	
(6,1)	(2,1)	(8,7)	(7,2)	
(2,1)	(9,4)	(4,1)	(8,5)	
(9,4)	(6,5)	(3,0)	(5,2)	

Target:(23,11)	Hash:3365275731
(6,5)	(8,3)	(4,1)	(5,2)	
(8,3)	(7,2)	(5,4)	(3,2)	
(7,2)	(2,1)	(6,1)	(8,7)	
(2,1)	(6,5)	(8,5)	(7,0)	

Target:(23,11)	Hash:3365275731
(6,5)	(8,3)	(5,2)	(4,1)	
(8,3)	(7,2)	(3,2)	(5,4)	
(7,2)	(2,1)	(8,7)	(6,1)	
(2,1)	(6,5)	(7,0)	(8,5)	

Target:(23,11)	Hash:2815020696
(6,5)	(9,4)	(3,0)	(5,2)	
(9,4)	(2,1)	(4,1)	(8,5)	
(2,1)	(6,1)	(8,7)	(7,2)	
(6,1)	(6,5)	(8,3)	(3,2)	

Target:(23,11)	Hash:3901645850
(6,5)	(9,4)	(3,0)	(5,2)	
(9,4)	(6,1)	(5,4)	(3,2)	
(6,1)	(2,1)	(7,2)	(8,7)	
(2,1)	(6,5)	(8,5)	(7,0)	

Target:(23,11)	Hash:3901645850
(6,5)	(9,4)	(3,0)	(5,2)	
(9,4)	(6,1)	(5,4)	(3,2)	
(6,1)	(2,1)	(8,7)	(7,2)	
(2,1)	(6,5)	(7,0)	(8,5)	

Target:(23,11)	Hash:2815020696
(6,5)	(9,4)	(5,2)	(3,0)	
(9,4)	(2,1)	(8,5)	(4,1)	
(2,1)	(6,1)	(7,2)	(8,7)	
(6,1)	(6,5)	(3,2)	(8,3)	

Target:(23,11)	Hash:3901645850
(6,5)	(9,4)	(5,2)	(3,0)	
(9,4)	(6,1)	(3,2)	(5,4)	
(6,1)	(2,1)	(7,2)	(8,7)	
(2,1)	(6,5)	(8,5)	(7,0)	

Target:(23,11)	Hash:3901645850
(6,5)	(9,4)	(5,2)	(3,0)	
(9,4)	(6,1)	(3,2)	(5,4)	
(6,1)	(2,1)	(8,7)	(7,2)	
(2,1)	(6,5)	(7,0)	(8,5)	

Target:(23,11)	Hash:3365275731
(7,0)	(3,2)	(5,2)	(8,7)	
(3,2)	(5,4)	(8,3)	(7,2)	
(5,4)	(8,5)	(4,1)	(6,1)	
(8,5)	(7,0)	(6,5)	(2,1)	

Target:(23,11)	Hash:3901645850
(7,0)	(3,2)	(5,2)	(8,7)	
(3,2)	(5,4)	(9,4)	(6,1)	
(5,4)	(8,5)	(3,0)	(7,2)	
(8,5)	(7,0)	(6,5)	(2,1)	

Target:(23,11)	Hash:3901645850
(7,0)	(3,2)	(8,7)	(5,2)	
(3,2)	(5,4)	(6,1)	(9,4)	
(5,4)	(8,5)	(7,2)	(3,0)	
(8,5)	(7,0)	(2,1)	(6,5)	

Target:(23,11)	Hash:3365275731
(7,0)	(3,2)	(8,7)	(5,2)	
(3,2)	(5,4)	(7,2)	(8,3)	
(5,4)	(8,5)	(6,1)	(4,1)	
(8,5)	(7,0)	(2,1)	(6,5)	

Target:(23,11)	Hash:3901645850
(7,0)	(5,4)	(3,0)	(8,7)	
(5,4)	(3,2)	(9,4)	(6,1)	
(3,2)	(8,5)	(5,2)	(7,2)	
(8,5)	(7,0)	(6,5)	(2,1)	

Target:(23,11)	Hash:3901645850
(7,0)	(5,4)	(8,7)	(3,0)	
(5,4)	(3,2)	(6,1)	(9,4)	
(3,2)	(8,5)	(7,2)	(5,2)	
(8,5)	(7,0)	(2,1)	(6,5)	

Target:(23,11)	Hash:3901645850
(7,0)	(8,5)	(2,1)	(6,5)	
(8,5)	(3,2)	(7,2)	(5,2)	
(3,2)	(5,4)	(6,1)	(9,4)	
(5,4)	(7,0)	(8,7)	(3,0)	

Target:(23,11)	Hash:3365275731
(7,0)	(8,5)	(2,1)	(6,5)	
(8,5)	(5,4)	(6,1)	(4,1)	
(5,4)	(3,2)	(7,2)	(8,3)	
(3,2)	(7,0)	(8,7)	(5,2)	

Target:(23,11)	Hash:3901645850
(7,0)	(8,5)	(2,1)	(6,5)	
(8,5)	(5,4)	(7,2)	(3,0)	
(5,4)	(3,2)	(6,1)	(9,4)	
(3,2)	(7,0)	(8,7)	(5,2)	

Target:(23,11)	Hash:3901645850
(7,0)	(8,5)	(6,5)	(2,1)	
(8,5)	(3,2)	(5,2)	(7,2)	
(3,2)	(5,4)	(9,4)	(6,1)	
(5,4)	(7,0)	(3,0)	(8,7)	

Target:(23,11)	Hash:3901645850
(7,0)	(8,5)	(6,5)	(2,1)	
(8,5)	(5,4)	(3,0)	(7,2)	
(5,4)	(3,2)	(9,4)	(6,1)	
(3,2)	(7,0)	(5,2)	(8,7)	

Target:(23,11)	Hash:3365275731
(7,0)	(8,5)	(6,5)	(2,1)	
(8,5)	(5,4)	(4,1)	(6,1)	
(5,4)	(3,2)	(8,3)	(7,2)	
(3,2)	(7,0)	(5,2)	(8,7)	

Target:(23,11)	Hash:3365275731
(7,2)	(2,1)	(6,1)	(8,7)	
(2,1)	(6,5)	(8,5)	(7,0)	
(6,5)	(8,3)	(4,1)	(5,2)	
(8,3)	(7,2)	(5,4)	(3,2)	

Target:(23,11)	Hash:3365275731
(7,2)	(2,1)	(8,7)	(6,1)	
(2,1)	(6,5)	(7,0)	(8,5)	
(6,5)	(8,3)	(5,2)	(4,1)	
(8,3)	(7,2)	(3,2)	(5,4)	

Target:(23,11)	Hash:3901645850
(7,2)	(3,0)	(5,4)	(8,5)	
(3,0)	(5,2)	(9,4)	(6,5)	
(5,2)	(8,7)	(3,2)	(7,0)	
(8,7)	(7,2)	(6,1)	(2,1)	

Target:(23,11)	Hash:3901645850
(7,2)	(3,0)	(8,5)	(5,4)	
(3,0)	(5,2)	(6,5)	(9,4)	
(5,2)	(8,7)	(7,0)	(3,2)	
(8,7)	(7,2)	(2,1)	(6,1)	

Target:(23,11)	Hash:2815020696
(7,2)	(5,2)	(3,2)	(8,5)	
(5,2)	(3,0)	(6,5)	(9,4)	
(3,0)	(8,7)	(8,3)	(4,1)	
(8,7)	(7,2)	(6,1)	(2,1)	

Target:(23,11)	Hash:3901645850
(7,2)	(5,2)	(3,2)	(8,5)	
(5,2)	(3,0)	(9,4)	(6,5)	
(3,0)	(8,7)	(5,4)	(7,0)	
(8,7)	(7,2)	(6,1)	(2,1)	

Target:(23,11)	Hash:3901645850
(7,2)	(5,2)	(8,5)	(3,2)	
(5,2)	(3,0)	(6,5)	(9,4)	
(3,0)	(8,7)	(7,0)	(5,4)	
(8,7)	(7,2)	(2,1)	(6,1)	

Target:(23,11)	Hash:2815020696
(7,2)	(5,2)	(8,5)	(3,2)	
(5,2)	(3,0)	(9,4)	(6,5)	
(3,0)	(8,7)	(4,1)	(8,3)	
(8,7)	(7,2)	(2,1)	(6,1)	

Target:(23,11)	Hash:3365275731
(7,2)	(8,3)	(3,2)	(5,4)	
(8,3)	(6,5)	(5,2)	(4,1)	
(6,5)	(2,1)	(7,0)	(8,5)	
(2,1)	(7,2)	(8,7)	(6,1)	

Target:(23,11)	Hash:3365275731
(7,2)	(8,3)	(5,4)	(3,2)	
(8,3)	(6,5)	(4,1)	(5,2)	
(6,5)	(2,1)	(8,5)	(7,0)	
(2,1)	(7,2)	(6,1)	(8,7)	

Target:(23,11)	Hash:2815020696
(7,2)	(8,7)	(2,1)	(6,1)	
(8,7)	(3,0)	(4,1)	(8,3)	
(3,0)	(5,2)	(9,4)	(6,5)	
(5,2)	(7,2)	(8,5)	(3,2)	

Target:(23,11)	Hash:3901645850
(7,2)	(8,7)	(2,1)	(6,1)	
(8,7)	(3,0)	(7,0)	(5,4)	
(3,0)	(5,2)	(6,5)	(9,4)	
(5,2)	(7,2)	(8,5)	(3,2)	

Target:(23,11)	Hash:3901645850
(7,2)	(8,7)	(2,1)	(6,1)	
(8,7)	(5,2)	(7,0)	(3,2)	
(5,2)	(3,0)	(6,5)	(9,4)	
(3,0)	(7,2)	(8,5)	(5,4)	

Target:(23,11)	Hash:3901645850
(7,2)	(8,7)	(6,1)	(2,1)	
(8,7)	(3,0)	(5,4)	(7,0)	
(3,0)	(5,2)	(9,4)	(6,5)	
(5,2)	(7,2)	(3,2)	(8,5)	

Target:(23,11)	Hash:2815020696
(7,2)	(8,7)	(6,1)	(2,1)	
(8,7)	(3,0)	(8,3)	(4,1)	
(3,0)	(5,2)	(6,5)	(9,4)	
(5,2)	(7,2)	(3,2)	(8,5)	

Target:(23,11)	Hash:3901645850
(7,2)	(8,7)	(6,1)	(2,1)	
(8,7)	(5,2)	(3,2)	(7,0)	
(5,2)	(3,0)	(9,4)	(6,5)	
(3,0)	(7,2)	(5,4)	(8,5)	

Target:(23,11)	Hash:2815020696
(8,3)	(3,2)	(6,1)	(6,5)	
(3,2)	(8,5)	(7,2)	(5,2)	
(8,5)	(4,1)	(2,1)	(9,4)	
(4,1)	(8,3)	(8,7)	(3,0)	

Target:(23,11)	Hash:2815020696
(8,3)	(3,2)	(6,5)	(6,1)	
(3,2)	(8,5)	(5,2)	(7,2)	
(8,5)	(4,1)	(9,4)	(2,1)	
(4,1)	(8,3)	(3,0)	(8,7)	

Target:(23,11)	Hash:2815020696
(8,3)	(4,1)	(3,0)	(8,7)	
(4,1)	(8,5)	(9,4)	(2,1)	
(8,5)	(3,2)	(5,2)	(7,2)	
(3,2)	(8,3)	(6,5)	(6,1)	

Target:(23,11)	Hash:2815020696
(8,3)	(4,1)	(8,7)	(3,0)	
(4,1)	(8,5)	(2,1)	(9,4)	
(8,5)	(3,2)	(7,2)	(5,2)	
(3,2)	(8,3)	(6,1)	(6,5)	

Target:(23,11)	Hash:3365275731
(8,3)	(6,5)	(4,1)	(5,2)	
(6,5)	(2,1)	(8,5)	(7,0)	
(2,1)	(7,2)	(6,1)	(8,7)	
(7,2)	(8,3)	(5,4)	(3,2)	

Target:(23,11)	Hash:3365275731
(8,3)	(6,5)	(5,2)	(4,1)	
(6,5)	(2,1)	(7,0)	(8,5)	
(2,1)	(7,2)	(8,7)	(6,1)	
(7,2)	(8,3)	(3,2)	(5,4)	

Target:(23,11)	Hash:3365275731
(8,3)	(7,2)	(3,2)	(5,4)	
(7,2)	(2,1)	(8,7)	(6,1)	
(2,1)	(6,5)	(7,0)	(8,5)	
(6,5)	(8,3)	(5,2)	(4,1)	

Target:(23,11)	Hash:3365275731
(8,3)	(7,2)	(5,4)	(3,2)	
(7,2)	(2,1)	(6,1)	(8,7)	
(2,1)	(6,5)	(8,5)	(7,0)	
(6,5)	(8,3)	(4,1)	(5,2)	

Target:(23,11)	Hash:3901645850
(8,5)	(3,2)	(5,2)	(7,2)	
(3,2)	(5,4)	(9,4)	(6,1)	
(5,4)	(7,0)	(3,0)	(8,7)	
(7,0)	(8,5)	(6,5)	(2,1)	

Target:(23,11)	Hash:2815020696
(8,5)	(3,2)	(5,2)	(7,2)	
(3,2)	(8,3)	(6,5)	(6,1)	
(8,3)	(4,1)	(3,0)	(8,7)	
(4,1)	(8,5)	(9,4)	(2,1)	

Target:(23,11)	Hash:3901645850
(8,5)	(3,2)	(7,2)	(5,2)	
(3,2)	(5,4)	(6,1)	(9,4)	
(5,4)	(7,0)	(8,7)	(3,0)	
(7,0)	(8,5)	(2,1)	(6,5)	

Target:(23,11)	Hash:2815020696
(8,5)	(3,2)	(7,2)	(5,2)	
(3,2)	(8,3)	(6,1)	(6,5)	
(8,3)	(4,1)	(8,7)	(3,0)	
(4,1)	(8,5)	(2,1)	(9,4)	

Target:(23,11)	Hash:2815020696
(8,5)	(4,1)	(2,1)	(9,4)	
(4,1)	(8,3)	(8,7)	(3,0)	
(8,3)	(3,2)	(6,1)	(6,5)	
(3,2)	(8,5)	(7,2)	(5,2)	

Target:(23,11)	Hash:2815020696
(8,5)	(4,1)	(9,4)	(2,1)	
(4,1)	(8,3)	(3,0)	(8,7)	
(8,3)	(3,2)	(6,5)	(6,1)	
(3,2)	(8,5)	(5,2)	(7,2)	

Target:(23,11)	Hash:3901645850
(8,5)	(5,4)	(3,0)	(7,2)	
(5,4)	(3,2)	(9,4)	(6,1)	
(3,2)	(7,0)	(5,2)	(8,7)	
(7,0)	(8,5)	(6,5)	(2,1)	

Target:(23,11)	Hash:3365275731
(8,5)	(5,4)	(4,1)	(6,1)	
(5,4)	(3,2)	(8,3)	(7,2)	
(3,2)	(7,0)	(5,2)	(8,7)	
(7,0)	(8,5)	(6,5)	(2,1)	

Target:(23,11)	Hash:3365275731
(8,5)	(5,4)	(6,1)	(4,1)	
(5,4)	(3,2)	(7,2)	(8,3)	
(3,2)	(7,0)	(8,7)	(5,2)	
(7,0)	(8,5)	(2,1)	(6,5)	

Target:(23,11)	Hash:3901645850
(8,5)	(5,4)	(7,2)	(3,0)	
(5,4)	(3,2)	(6,1)	(9,4)	
(3,2)	(7,0)	(8,7)	(5,2)	
(7,0)	(8,5)	(2,1)	(6,5)	

Target:(23,11)	Hash:3901645850
(8,5)	(7,0)	(2,1)	(6,5)	
(7,0)	(3,2)	(8,7)	(5,2)	
(3,2)	(5,4)	(6,1)	(9,4)	
(5,4)	(8,5)	(7,2)	(3,0)	

Target:(23,11)	Hash:3365275731
(8,5)	(7,0)	(2,1)	(6,5)	
(7,0)	(3,2)	(8,7)	(5,2)	
(3,2)	(5,4)	(7,2)	(8,3)	
(5,4)	(8,5)	(6,1)	(4,1)	

Target:(23,11)	Hash:3901645850
(8,5)	(7,0)	(2,1)	(6,5)	
(7,0)	(5,4)	(8,7)	(3,0)	
(5,4)	(3,2)	(6,1)	(9,4)	
(3,2)	(8,5)	(7,2)	(5,2)	

Target:(23,11)	Hash:3365275731
(8,5)	(7,0)	(6,5)	(2,1)	
(7,0)	(3,2)	(5,2)	(8,7)	
(3,2)	(5,4)	(8,3)	(7,2)	
(5,4)	(8,5)	(4,1)	(6,1)	

Target:(23,11)	Hash:3901645850
(8,5)	(7,0)	(6,5)	(2,1)	
(7,0)	(3,2)	(5,2)	(8,7)	
(3,2)	(5,4)	(9,4)	(6,1)	
(5,4)	(8,5)	(3,0)	(7,2)	

Target:(23,11)	Hash:3901645850
(8,5)	(7,0)	(6,5)	(2,1)	
(7,0)	(5,4)	(3,0)	(8,7)	
(5,4)	(3,2)	(9,4)	(6,1)	
(3,2)	(8,5)	(5,2)	(7,2)	

Target:(23,11)	Hash:2815020696
(8,7)	(3,0)	(4,1)	(8,3)	
(3,0)	(5,2)	(9,4)	(6,5)	
(5,2)	(7,2)	(8,5)	(3,2)	
(7,2)	(8,7)	(2,1)	(6,1)	

Target:(23,11)	Hash:3901645850
(8,7)	(3,0)	(5,4)	(7,0)	
(3,0)	(5,2)	(9,4)	(6,5)	
(5,2)	(7,2)	(3,2)	(8,5)	
(7,2)	(8,7)	(6,1)	(2,1)	

Target:(23,11)	Hash:3901645850
(8,7)	(3,0)	(7,0)	(5,4)	
(3,0)	(5,2)	(6,5)	(9,4)	
(5,2)	(7,2)	(8,5)	(3,2)	
(7,2)	(8,7)	(2,1)	(6,1)	

Target:(23,11)	Hash:2815020696
(8,7)	(3,0)	(8,3)	(4,1)	
(3,0)	(5,2)	(6,5)	(9,4)	
(5,2)	(7,2)	(3,2)	(8,5)	
(7,2)	(8,7)	(6,1)	(2,1)	

Target:(23,11)	Hash:3901645850
(8,7)	(5,2)	(3,2)	(7,0)	
(5,2)	(3,0)	(9,4)	(6,5)	
(3,0)	(7,2)	(5,4)	(8,5)	
(7,2)	(8,7)	(6,1)	(2,1)	

Target:(23,11)	Hash:3365275731
(8,7)	(5,2)	(3,2)	(7,0)	
(5,2)	(4,1)	(8,3)	(6,5)	
(4,1)	(6,1)	(5,4)	(8,5)	
(6,1)	(8,7)	(7,2)	(2,1)	

Target:(23,11)	Hash:3901645850
(8,7)	(5,2)	(7,0)	(3,2)	
(5,2)	(3,0)	(6,5)	(9,4)	
(3,0)	(7,2)	(8,5)	(5,4)	
(7,2)	(8,7)	(2,1)	(6,1)	

Target:(23,11)	Hash:3365275731
(8,7)	(5,2)	(7,0)	(3,2)	
(5,2)	(4,1)	(6,5)	(8,3)	
(4,1)	(6,1)	(8,5)	(5,4)	
(6,1)	(8,7)	(2,1)	(7,2)	

Target:(23,11)	Hash:3365275731
(8,7)	(6,1)	(2,1)	(7,2)	
(6,1)	(4,1)	(8,5)	(5,4)	
(4,1)	(5,2)	(6,5)	(8,3)	
(5,2)	(8,7)	(7,0)	(3,2)	

Target:(23,11)	Hash:3365275731
(8,7)	(6,1)	(7,2)	(2,1)	
(6,1)	(4,1)	(5,4)	(8,5)	
(4,1)	(5,2)	(8,3)	(6,5)	
(5,2)	(8,7)	(3,2)	(7,0)	

Target:(23,11)	Hash:3901645850
(8,7)	(7,2)	(2,1)	(6,1)	
(7,2)	(3,0)	(8,5)	(5,4)	
(3,0)	(5,2)	(6,5)	(9,4)	
(5,2)	(8,7)	(7,0)	(3,2)	

Target:(23,11)	Hash:3901645850
(8,7)	(7,2)	(2,1)	(6,1)	
(7,2)	(5,2)	(8,5)	(3,2)	
(5,2)	(3,0)	(6,5)	(9,4)	
(3,0)	(8,7)	(7,0)	(5,4)	

Target:(23,11)	Hash:2815020696
(8,7)	(7,2)	(2,1)	(6,1)	
(7,2)	(5,2)	(8,5)	(3,2)	
(5,2)	(3,0)	(9,4)	(6,5)	
(3,0)	(8,7)	(4,1)	(8,3)	

Target:(23,11)	Hash:3901645850
(8,7)	(7,2)	(6,1)	(2,1)	
(7,2)	(3,0)	(5,4)	(8,5)	
(3,0)	(5,2)	(9,4)	(6,5)	
(5,2)	(8,7)	(3,2)	(7,0)	

Target:(23,11)	Hash:2815020696
(8,7)	(7,2)	(6,1)	(2,1)	
(7,2)	(5,2)	(3,2)	(8,5)	
(5,2)	(3,0)	(6,5)	(9,4)	
(3,0)	(8,7)	(8,3)	(4,1)	

Target:(23,11)	Hash:3901645850
(8,7)	(7,2)	(6,1)	(2,1)	
(7,2)	(5,2)	(3,2)	(8,5)	
(5,2)	(3,0)	(9,4)	(6,5)	
(3,0)	(8,7)	(5,4)	(7,0)	

Target:(23,11)	Hash:2815020696
(9,4)	(2,1)	(4,1)	(8,5)	
(2,1)	(6,1)	(8,7)	(7,2)	
(6,1)	(6,5)	(8,3)	(3,2)	
(6,5)	(9,4)	(3,0)	(5,2)	

Target:(23,11)	Hash:2815020696
(9,4)	(2,1)	(8,5)	(4,1)	
(2,1)	(6,1)	(7,2)	(8,7)	
(6,1)	(6,5)	(3,2)	(8,3)	
(6,5)	(9,4)	(5,2)	(3,0)	

Target:(23,11)	Hash:3901645850
(9,4)	(6,1)	(3,2)	(5,4)	
(6,1)	(2,1)	(7,2)	(8,7)	
(2,1)	(6,5)	(8,5)	(7,0)	
(6,5)	(9,4)	(5,2)	(3,0)	

Target:(23,11)	Hash:3901645850
(9,4)	(6,1)	(3,2)	(5,4)	
(6,1)	(2,1)	(8,7)	(7,2)	
(2,1)	(6,5)	(7,0)	(8,5)	
(6,5)	(9,4)	(5,2)	(3,0)	

Target:(23,11)	Hash:3901645850
(9,4)	(6,1)	(5,4)	(3,2)	
(6,1)	(2,1)	(7,2)	(8,7)	
(2,1)	(6,5)	(8,5)	(7,0)	
(6,5)	(9,4)	(3,0)	(5,2)	

Target:(23,11)	Hash:3901645850
(9,4)	(6,1)	(5,4)	(3,2)	
(6,1)	(2,1)	(8,7)	(7,2)	
(2,1)	(6,5)	(7,0)	(8,5)	
(6,5)	(9,4)	(3,0)	(5,2)	

Target:(23,11)	Hash:3901645850
(9,4)	(6,5)	(3,0)	(5,2)	
(6,5)	(2,1)	(7,0)	(8,5)	
(2,1)	(6,1)	(8,7)	(7,2)	
(6,1)	(9,4)	(5,4)	(3,2)	

Target:(23,11)	Hash:3901645850
(9,4)	(6,5)	(3,0)	(5,2)	
(6,5)	(2,1)	(8,5)	(7,0)	
(2,1)	(6,1)	(7,2)	(8,7)	
(6,1)	(9,4)	(5,4)	(3,2)	

Target:(23,11)	Hash:2815020696
(9,4)	(6,5)	(3,0)	(5,2)	
(6,5)	(6,1)	(8,3)	(3,2)	
(6,1)	(2,1)	(8,7)	(7,2)	
(2,1)	(9,4)	(4,1)	(8,5)	

Target:(23,11)	Hash:3901645850
(9,4)	(6,5)	(5,2)	(3,0)	
(6,5)	(2,1)	(7,0)	(8,5)	
(2,1)	(6,1)	(8,7)	(7,2)	
(6,1)	(9,4)	(3,2)	(5,4)	

Target:(23,11)	Hash:3901645850
(9,4)	(6,5)	(5,2)	(3,0)	
(6,5)	(2,1)	(8,5)	(7,0)	
(2,1)	(6,1)	(7,2)	(8,7)	
(6,1)	(9,4)	(3,2)	(5,4)	

Target:(23,11)	Hash:2815020696
(9,4)	(6,5)	(5,2)	(3,0)	
(6,5)	(6,1)	(3,2)	(8,3)	
(6,1)	(2,1)	(7,2)	(8,7)	
(2,1)	(9,4)	(8,5)	(4,1)	

Found 192 solutions.
